0.0000	0.00014047
0.1111	0.00014045
0.2222	0.00014043
0.3333	0.00014044
0.4444	0.00014053
0.5556	0.00014048
0.6667	0.00014050
0.7778	0.00014054
0.8889	0.00014061
1.0000	0.00014044
1.1111	0.00014052
1.2222	0.00014045
1.3333	0.00014051
1.4444	0.00014053
1.5556	0.00014056
1.6667	0.00014053
1.7778	0.00014050
1.8889	0.00014053
2.0000	0.00014065
2.1111	0.00014052
2.2222	0.00014054
2.3333	0.00014048
2.4444	0.00014049
2.5556	0.00014049
2.6667	0.00014044
2.7778	0.00014057
2.8889	0.00014053
3.0000	0.00014053
3.1111	0.00014057
3.2222	0.00014053
3.3333	0.00014044
3.4444	0.00014049
3.5556	0.00014045
3.6667	0.00014051
3.7778	0.00014045
3.8889	0.00014054
4.0000	0.00014045
4.1111	0.00014053
4.2222	0.00014051
4.3333	0.00014056
4.4444	0.00014055
4.5556	0.00014063
4.6667	0.00014048
4.7778	0.00014043
4.8889	0.00014046
5.0000	0.00014045
5.1111	0.00014052
5.2222	0.00014045
5.3333	0.00014041
5.4444	0.00014040
5.5556	0.00014042
5.6667	0.00014056
5.7778	0.00014047
5.8889	0.00014044
6.0000	0.00014049
6.1111	0.00014044
6.2222	0.00014052
6.3333	0.00014053
6.4444	0.00014049
6.5556	0.00014061
6.6667	0.00014041
6.7778	0.00014057
6.8889	0.00014053
7.0000	0.00014050
7.1111	0.00014049
7.2222	0.00014047
7.3333	0.00014052
7.4444	0.00014057
7.5556	0.00014054
7.6667	0.00014054
7.7778	0.00014050
7.8889	0.00014056
8.0000	0.00014051
8.1111	0.00014046
8.2222	0.00014061
8.3333	0.00014053
8.4444	0.00014045
8.5556	0.00014054
8.6667	0.00014054
8.7778	0.00014057
8.8889	0.00014050
9.0000	0.00014052
9.1111	0.00014055
9.2222	0.00014053
9.3333	0.00014058
9.4444	0.00014053
9.5556	0.00014061
9.6667	0.00014051
9.7778	0.00014051
9.8889	0.00014045
10.0000	0.00014047
10.1111	0.00014044
10.2222	0.00014052
10.3333	0.00014041
10.4444	0.00014051
10.5556	0.00014061
10.6667	0.00014057
10.7778	0.00014053
10.8889	0.00014037
11.0000	0.00014060
11.1111	0.00014050
11.2222	0.00014050
11.3333	0.00014058
11.4444	0.00014047
11.5556	0.00014060
11.6667	0.00014051
11.7778	0.00014052
11.8889	0.00014042
12.0000	0.00014049
12.1111	0.00014043
12.2222	0.00014055
12.3333	0.00014049
12.4444	0.00014055
12.5556	0.00014047
12.6667	0.00014057
12.7778	0.00014057
12.8889	0.00014059
13.0000	0.00014051
13.1111	0.00014056
13.2222	0.00014050
13.3333	0.00014053
13.4444	0.00014047
13.5556	0.00014036
13.6667	0.00014058
13.7778	0.00014066
13.8889	0.00014056
14.0000	0.00014057
14.1111	0.00014045
14.2222	0.00014054
14.3333	0.00014053
14.4444	0.00014050
14.5556	0.00014049
14.6667	0.00014046
14.7778	0.00014054
14.8889	0.00014053
15.0000	0.00014052
15.1111	0.00014060
15.2222	0.00014046
15.3333	0.00014035
15.4444	0.00014055
15.5556	0.00014055
15.6667	0.00014043
15.7778	0.00014055
15.8889	0.00014055
16.0000	0.00014058
16.1111	0.00014053
16.2222	0.00014055
16.3333	0.00014048
16.4444	0.00014060
16.5556	0.00014045
16.6667	0.00014050
16.7778	0.00014054
16.8889	0.00014055
17.0000	0.00014053
17.1111	0.00014057
17.2222	0.00014057
17.3333	0.00014049
17.4444	0.00014057
17.5556	0.00014049
17.6667	0.00014045
17.7778	0.00014049
17.8889	0.00014066
18.0000	0.00014053
18.1111	0.00014048
18.2222	0.00014047
18.3333	0.00014042
18.4444	0.00014049
18.5556	0.00014050
18.6667	0.00014051
18.7778	0.00014054
18.8889	0.00014045
19.0000	0.00014054
19.1111	0.00014048
19.2222	0.00014051
19.3333	0.00014041
19.4444	0.00014047
19.5556	0.00014049
19.6667	0.00014045
19.7778	0.00014051
19.8889	0.00014057
20.0000	0.00014055
20.1111	0.00014051
20.2222	0.00014054
20.3333	0.00014058
20.4444	0.00014047
20.5556	0.00014054
20.6667	0.00014061
20.7778	0.00014048
20.8889	0.00014049
21.0000	0.00014047
21.1111	0.00014044
21.2222	0.00014056
21.3333	0.00014045
21.4444	0.00014053
21.5556	0.00014050
21.6667	0.00014052
21.7778	0.00014051
21.8889	0.00014055
22.0000	0.00014047
22.1111	0.00014056
22.2222	0.00014047
22.3333	0.00014051
22.4444	0.00014050
22.5556	0.00014053
22.6667	0.00014051
22.7778	0.00014056
22.8889	0.00014058
23.0000	0.00014053
23.1111	0.00014035
23.2222	0.00014042
23.3333	0.00014056
23.4444	0.00014043
23.5556	0.00014058
23.6667	0.00014056
23.7778	0.00014063
23.8889	0.00014046
24.0000	0.00014048
24.1111	0.00014053
24.2222	0.00014044
24.3333	0.00014059
24.4444	0.00014053
24.5556	0.00014040
24.6667	0.00014054
24.7778	0.00014050
24.8889	0.00014042
25.0000	0.00014035
25.1111	0.00014049
25.2222	0.00014060
25.3333	0.00014042
25.4444	0.00014051
25.5556	0.00014047
25.6667	0.00014050
25.7778	0.00014054
25.8889	0.00014046
26.0000	0.00014051
26.1111	0.00014043
26.2222	0.00014049
26.3333	0.00014045
26.4444	0.00014051
26.5556	0.00014051
26.6667	0.00014056
26.7778	0.00014048
26.8889	0.00014060
27.0000	0.00014054
27.1111	0.00014044
27.2222	0.00014046
27.3333	0.00014060
27.4444	0.00014056
27.5556	0.00014042
27.6667	0.00014048
27.7778	0.00014055
27.8889	0.00014050
28.0000	0.00014045
28.1111	0.00014053
28.2222	0.00014049
28.3333	0.00014055
28.4444	0.00014049
28.5556	0.00014054
28.6667	0.00014420
28.7778	0.00014206
28.8889	0.00015897
29.0000	0.00015873
29.1111	0.00015888
29.2222	0.00015887
29.3333	0.00015884
29.4444	0.00015882
29.5556	0.00015874
29.6667	0.00015887
29.7778	0.00015879
29.8889	0.00015885
30.0000	0.00015877
30.1111	0.00015880
30.2222	0.00015889
30.3333	0.00015878
30.4444	0.00015891
30.5556	0.00015882
30.6667	0.00015889
30.7778	0.00015884
30.8889	0.00015881
31.0000	0.00015888
31.1111	0.00015885
31.2222	0.00015896
31.3333	0.00015895
31.4444	0.00015884
31.5556	0.00015881
31.6667	0.00015887
31.7778	0.00015885
31.8889	0.00015882
32.0000	0.00015893
32.1111	0.00015885
32.2222	0.00015883
32.3333	0.00015889
32.4444	0.00015892
32.5556	0.00015891
32.6667	0.00015887
32.7778	0.00015889
32.8889	0.00015891
33.0000	0.00015885
33.1111	0.00015884
33.2222	0.00015893
33.3333	0.00015890
33.4444	0.00015894
33.5556	0.00015883
33.6667	0.00015901
33.7778	0.00015888
33.8889	0.00015879
34.0000	0.00015892
34.1111	0.00015876
34.2222	0.00015901
34.3333	0.00015887
34.4444	0.00015882
34.5556	0.00015881
34.6667	0.00015895
34.7778	0.00016240
34.8889	0.00016331
35.0000	0.00016343
35.1111	0.00016349
35.2222	0.00016337
35.3333	0.00016338
35.4444	0.00016345
35.5556	0.00016342
35.6667	0.00016344
35.7778	0.00016353
35.8889	0.00016341
36.0000	0.00016349
36.1111	0.00016353
36.2222	0.00016341
36.3333	0.00016348
36.4444	0.00016349
36.5556	0.00016361
36.6667	0.00016291
36.7778	0.00015988
36.8889	0.00017038
37.0000	0.00015998
37.1111	0.00015885
37.2222	0.00015883
37.3333	0.00017949
37.4444	0.00016090
37.5556	0.00016407
37.6667	0.00016342
37.7778	0.00016347
37.8889	0.00016345
38.0000	0.00016351
38.1111	0.00016349
38.2222	0.00016337
38.3333	0.00016354
38.4444	0.00016347
38.5556	0.00016349
38.6667	0.00016345
38.7778	0.00016338
38.8889	0.00016343
39.0000	0.00016356
39.1111	0.00016353
39.2222	0.00016351
39.3333	0.00016351
39.4444	0.00016341
39.5556	0.00016348
39.6667	0.00016357
39.7778	0.00016342
39.8889	0.00016341
40.0000	0.00016354
40.1111	0.00016335
40.2222	0.00016331
40.3333	0.00016344
40.4444	0.00016339
40.5556	0.00016341
40.6667	0.00016354
40.7778	0.00016355
40.8889	0.00016344
41.0000	0.00016345
41.1111	0.00016358
41.2222	0.00016350
41.3333	0.00016334
41.4444	0.00016350
41.5556	0.00016345
41.6667	0.00016348
41.7778	0.00016346
41.8889	0.00016343
42.0000	0.00016348
42.1111	0.00016347
42.2222	0.00016348
42.3333	0.00016346
42.4444	0.00016335
42.5556	0.00016340
42.6667	0.00016334
42.7778	0.00016339
42.8889	0.00016342
43.0000	0.00016338
43.1111	0.00016346
43.2222	0.00016340
43.3333	0.00016350
43.4444	0.00016347
43.5556	0.00016334
43.6667	0.00016355
43.7778	0.00016353
43.8889	0.00016346
44.0000	0.00016342
44.1111	0.00016347
44.2222	0.00016349
44.3333	0.00016344
44.4444	0.00016348
44.5556	0.00016352
44.6667	0.00016347
44.7778	0.00016346
44.8889	0.00016349
45.0000	0.00016348
45.1111	0.00016337
45.2222	0.00016346
45.3333	0.00016338
45.4444	0.00016348
45.5556	0.00016338
45.6667	0.00016347
45.7778	0.00016345
45.8889	0.00016340
46.0000	0.00016337
46.1111	0.00016356
46.2222	0.00016346
46.3333	0.00016348
46.4444	0.00016336
46.5556	0.00016339
46.6667	0.00016341
46.7778	0.00016357
46.8889	0.00016347
47.0000	0.00016332
47.1111	0.00016344
47.2222	0.00016349
47.3333	0.00016350
47.4444	0.00016339
47.5556	0.00016346
47.6667	0.00016349
47.7778	0.00016336
47.8889	0.00016350
48.0000	0.00016334
48.1111	0.00016353
48.2222	0.00016340
48.3333	0.00016338
48.4444	0.00016351
48.5556	0.00016345
48.6667	0.00016348
48.7778	0.00016356
48.8889	0.00016343
49.0000	0.00016345
49.1111	0.00016344
49.2222	0.00016345
49.3333	0.00016351
49.4444	0.00016348
49.5556	0.00016337
49.6667	0.00016342
49.7778	0.00016348
49.8889	0.00016347
50.0000	0.00016342
50.1111	0.00016337
50.2222	0.00016337
50.3333	0.00016348
50.4444	0.00016342
50.5556	0.00016347
50.6667	0.00016337
50.7778	0.00016346
50.8889	0.00016340
51.0000	0.00016347
51.1111	0.00016342
51.2222	0.00016351
51.3333	0.00016348
51.4444	0.00016353
51.5556	0.00016341
51.6667	0.00016339
51.7778	0.00016350
51.8889	0.00016348
52.0000	0.00016341
52.1111	0.00016343
52.2222	0.00016348
52.3333	0.00016353
52.4444	0.00016338
52.5556	0.00016351
52.6667	0.00016340
52.7778	0.00016337
52.8889	0.00016345
53.0000	0.00016342
53.1111	0.00016342
53.2222	0.00016348
53.3333	0.00016352
53.4444	0.00016345
53.5556	0.00016346
53.6667	0.00016345
53.7778	0.00016354
53.8889	0.00016345
54.0000	0.00016349
54.1111	0.00016346
54.2222	0.00016341
54.3333	0.00016356
54.4444	0.00016348
54.5556	0.00016351
54.6667	0.00016349
54.7778	0.00016344
54.8889	0.00016338
55.0000	0.00016348
55.1111	0.00016352
55.2222	0.00016350
55.3333	0.00016350
55.4444	0.00016350
55.5556	0.00016347
55.6667	0.00016351
55.7778	0.00016351
55.8889	0.00016342
56.0000	0.00016350
56.1111	0.00016345
56.2222	0.00016345
56.3333	0.00016346
56.4444	0.00016350
56.5556	0.00016347
56.6667	0.00016354
56.7778	0.00016349
56.8889	0.00016349
57.0000	0.00016354
57.1111	0.00016345
57.2222	0.00016343
57.3333	0.00016345
57.4444	0.00016351
57.5556	0.00016341
57.6667	0.00016336
57.7778	0.00016344
57.8889	0.00016347
58.0000	0.00016353
58.1111	0.00016345
58.2222	0.00016344
58.3333	0.00016349
58.4444	0.00016348
58.5556	0.00016339
58.6667	0.00016335
58.7778	0.00016349
58.8889	0.00016350
59.0000	0.00016353
59.1111	0.00016336
59.2222	0.00016347
59.3333	0.00016351
59.4444	0.00016347
59.5556	0.00016348
59.6667	0.00016349
59.7778	0.00016347
59.8889	0.00016352
60.0000	0.00016343
60.1111	0.00016354
60.2222	0.00016339
60.3333	0.00016348
60.4444	0.00016341
60.5556	0.00016339
60.6667	0.00016346
60.7778	0.00016351
60.8889	0.00016343
61.0000	0.00016341
61.1111	0.00016351
61.2222	0.00016336
61.3333	0.00016348
61.4444	0.00016344
61.5556	0.00016336
61.6667	0.00016354
61.7778	0.00016365
61.8889	0.00016347
62.0000	0.00016351
62.1111	0.00016348
62.2222	0.00016350
62.3333	0.00016350
62.4444	0.00016345
62.5556	0.00016336
62.6667	0.00016347
62.7778	0.00016347
62.8889	0.00016337
63.0000	0.00016333
63.1111	0.00016347
63.2222	0.00016339
63.3333	0.00016343
63.4444	0.00016353
63.5556	0.00016350
63.6667	0.00016351
63.7778	0.00016345
63.8889	0.00016352
64.0000	0.00016355
64.1111	0.00016350
64.2222	0.00016350
64.3333	0.00016345
64.4444	0.00016344
64.5556	0.00016355
64.6667	0.00016348
64.7778	0.00016342
64.8889	0.00016348
65.0000	0.00016334
65.1111	0.00016344
65.2222	0.00016356
65.3333	0.00016341
65.4444	0.00016348
65.5556	0.00016339
65.6667	0.00016346
65.7778	0.00016346
65.8889	0.00016344
66.0000	0.00016346
66.1111	0.00016347
66.2222	0.00016353
66.3333	0.00016335
66.4444	0.00016347
66.5556	0.00016342
66.6667	0.00016349
66.7778	0.00016344
66.8889	0.00016350
67.0000	0.00016351
67.1111	0.00016351
67.2222	0.00016336
67.3333	0.00016354
67.4444	0.00016343
67.5556	0.00016341
67.6667	0.00016346
67.7778	0.00016348
67.8889	0.00016339
68.0000	0.00016347
68.1111	0.00016353
68.2222	0.00016344
68.3333	0.00016342
68.4444	0.00016343
68.5556	0.00016339
68.6667	0.00016345
68.7778	0.00016337
68.8889	0.00016347
69.0000	0.00016347
69.1111	0.00016350
69.2222	0.00016350
69.3333	0.00016338
69.4444	0.00016351
69.5556	0.00016347
69.6667	0.00016360
69.7778	0.00016749
69.8889	0.00016145
70.0000	0.00015889
70.1111	0.00015880
70.2222	0.00015887
70.3333	0.00015891
70.4444	0.00015876
70.5556	0.00015879
70.6667	0.00015898
70.7778	0.00015884
70.8889	0.00015888
71.0000	0.00015892
71.1111	0.00015890
71.2222	0.00015882
71.3333	0.00015892
71.4444	0.00015891
71.5556	0.00015887
71.6667	0.00015898
71.7778	0.00015890
71.8889	0.00015897
72.0000	0.00015897
72.1111	0.00015881
72.2222	0.00015887
72.3333	0.00015881
72.4444	0.00015888
72.5556	0.00016875
72.6667	0.00017724
72.7778	0.00017713
72.8889	0.00017723
73.0000	0.00017715
73.1111	0.00017720
73.2222	0.00017720
73.3333	0.00017722
73.4444	0.00017724
73.5556	0.00017715
73.6667	0.00017727
73.7778	0.00017720
73.8889	0.00017725
74.0000	0.00017723
74.1111	0.00017721
74.2222	0.00017727
74.3333	0.00017716
74.4444	0.00018801
74.5556	0.00018584
74.6667	0.00018658
74.7778	0.00018636
74.8889	0.00018638
75.0000	0.00018634
75.1111	0.00018641
75.2222	0.00018639
75.3333	0.00018647
75.4444	0.00018627
75.5556	0.00018640
75.6667	0.00018638
75.7778	0.00018642
75.8889	0.00018641
76.0000	0.00018646
76.1111	0.00018635
76.2222	0.00018639
76.3333	0.00018640
76.4444	0.00018632
76.5556	0.00018634
76.6667	0.00018648
76.7778	0.00018645
76.8889	0.00018642
77.0000	0.00018635
77.1111	0.00018635
77.2222	0.00018632
77.3333	0.00018638
77.4444	0.00018650
77.5556	0.00018640
77.6667	0.00018636
77.7778	0.00018636
77.8889	0.00018638
78.0000	0.00018651
78.1111	0.00018627
78.2222	0.00018640
78.3333	0.00018645
78.4444	0.00018639
78.5556	0.00018640
78.6667	0.00018639
78.7778	0.00018637
78.8889	0.00018639
79.0000	0.00018645
79.1111	0.00018637
79.2222	0.00018639
79.3333	0.00018630
79.4444	0.00018641
79.5556	0.00018631
79.6667	0.00018640
79.7778	0.00018632
79.8889	0.00018641
80.0000	0.00018635
80.1111	0.00018640
80.2222	0.00018629
80.3333	0.00018632
80.4444	0.00018642
80.5556	0.00018645
80.6667	0.00018635
80.7778	0.00018635
80.8889	0.00018642
81.0000	0.00018636
81.1111	0.00018642
81.2222	0.00018641
81.3333	0.00018641
81.4444	0.00018628
81.5556	0.00018641
81.6667	0.00018638
81.7778	0.00018645
81.8889	0.00018644
82.0000	0.00018639
82.1111	0.00018642
82.2222	0.00018642
82.3333	0.00018647
82.4444	0.00018631
82.5556	0.00018641
82.6667	0.00018633
82.7778	0.00018626
82.8889	0.00018639
83.0000	0.00018643
83.1111	0.00018635
83.2222	0.00018638
83.3333	0.00018645
83.4444	0.00018645
83.5556	0.00018635
83.6667	0.00018647
83.7778	0.00018638
83.8889	0.00018637
84.0000	0.00018634
84.1111	0.00018641
84.2222	0.00018644
84.3333	0.00018641
84.4444	0.00018631
84.5556	0.00018635
84.6667	0.00018643
84.7778	0.00018643
84.8889	0.00018634
85.0000	0.00018651
85.1111	0.00018643
85.2222	0.00018633
85.3333	0.00018645
85.4444	0.00018637
85.5556	0.00018628
85.6667	0.00018637
85.7778	0.00018630
85.8889	0.00018639
86.0000	0.00018641
86.1111	0.00018643
86.2222	0.00018638
86.3333	0.00018665
86.4444	0.00018641
86.5556	0.00018630
86.6667	0.00018638
86.7778	0.00018638
86.8889	0.00018647
87.0000	0.00018647
87.1111	0.00018630
87.2222	0.00018647
87.3333	0.00018643
87.4444	0.00018651
87.5556	0.00018636
87.6667	0.00018638
87.7778	0.00018638
87.8889	0.00018632
88.0000	0.00018640
88.1111	0.00018634
88.2222	0.00018645
88.3333	0.00018640
88.4444	0.00018644
88.5556	0.00018631
88.6667	0.00018637
88.7778	0.00018646
88.8889	0.00018641
89.0000	0.00018634
89.1111	0.00018641
89.2222	0.00018633
89.3333	0.00018635
89.4444	0.00018641
89.5556	0.00018643
89.6667	0.00018642
89.7778	0.00018639
89.8889	0.00018635
90.0000	0.00018641
90.1111	0.00018635
90.2222	0.00018644
90.3333	0.00018630
90.4444	0.00018634
90.5556	0.00018634
90.6667	0.00018634
90.7778	0.00018641
90.8889	0.00018631
91.0000	0.00018638
91.1111	0.00018649
91.2222	0.00018642
91.3333	0.00018639
91.4444	0.00018646
91.5556	0.00018639
91.6667	0.00018650
91.7778	0.00018650
91.8889	0.00018638
92.0000	0.00018642
92.1111	0.00018635
92.2222	0.00018637
92.3333	0.00018636
92.4444	0.00018646
92.5556	0.00018645
92.6667	0.00018649
92.7778	0.00018643
92.8889	0.00018628
93.0000	0.00018650
93.1111	0.00018643
93.2222	0.00018638
93.3333	0.00018596
93.4444	0.00018684
93.5556	0.00018676
93.6667	0.00018640
93.7778	0.00018647
93.8889	0.00018632
94.0000	0.00018638
94.1111	0.00018634
94.2222	0.00018648
94.3333	0.00018644
94.4444	0.00018635
94.5556	0.00018644
94.6667	0.00018641
94.7778	0.00018643
94.8889	0.00018648
95.0000	0.00018637
95.1111	0.00018648
95.2222	0.00018650
95.3333	0.00018637
95.4444	0.00018635
95.5556	0.00018638
95.6667	0.00018645
95.7778	0.00018639
95.8889	0.00018641
96.0000	0.00018635
96.1111	0.00018632
96.2222	0.00018642
96.3333	0.00018626
96.4444	0.00018642
96.5556	0.00018638
96.6667	0.00018645
96.7778	0.00018646
96.8889	0.00018637
97.0000	0.00018654
97.1111	0.00018638
97.2222	0.00018645
97.3333	0.00018640
97.4444	0.00018636
97.5556	0.00018637
97.6667	0.00018641
97.7778	0.00018647
97.8889	0.00018638
98.0000	0.00018651
98.1111	0.00018636
98.2222	0.00018635
98.3333	0.00018644
98.4444	0.00018645
98.5556	0.00018636
98.6667	0.00018642
98.7778	0.00018646
98.8889	0.00018638
99.0000	0.00018644
99.1111	0.00018642
99.2222	0.00018643
99.3333	0.00018646
99.4444	0.00018640
99.5556	0.00018637
99.6667	0.00018654
99.7778	0.00018634
99.8889	0.00018632
100.0000	0.00018641
100.1111	0.00018637
100.2222	0.00018635
100.3333	0.00018644
100.4444	0.00018644
100.5556	0.00018626
100.6667	0.00018649
100.7778	0.00018643
100.8889	0.00018636
101.0000	0.00018645
101.1111	0.00018633
101.2222	0.00018632
101.3333	0.00018642
101.4444	0.00018647
101.5556	0.00018651
101.6667	0.00018640
101.7778	0.00018637
101.8889	0.00018640
102.0000	0.00018636
102.1111	0.00018636
102.2222	0.00018639
102.3333	0.00018645
102.4444	0.00018649
102.5556	0.00018650
102.6667	0.00018642
102.7778	0.00018647
102.8889	0.00018644
103.0000	0.00018642
103.1111	0.00018636
103.2222	0.00018632
103.3333	0.00018637
103.4444	0.00018638
103.5556	0.00018643
103.6667	0.00018648
103.7778	0.00018642
103.8889	0.00018638
104.0000	0.00018635
104.1111	0.00018641
104.2222	0.00018638
104.3333	0.00018651
104.4444	0.00018633
104.5556	0.00018626
104.6667	0.00018640
104.7778	0.00018634
104.8889	0.00018646
105.0000	0.00018644
105.1111	0.00018640
105.2222	0.00018650
105.3333	0.00018642
105.4444	0.00018641
105.5556	0.00018646
105.6667	0.00018647
105.7778	0.00018639
105.8889	0.00018640
106.0000	0.00018637
106.1111	0.00018641
106.2222	0.00018644
106.3333	0.00018639
106.4444	0.00022614
106.5556	0.00023179
106.6667	0.00023185
106.7778	0.00023222
106.8889	0.00023236
107.0000	0.00023232
107.1111	0.00023230
107.2222	0.00023215
107.3333	0.00023228
107.4444	0.00023237
107.5556	0.00023218
107.6667	0.00023243
107.7778	0.00023232
107.8889	0.00023234
108.0000	0.00023220
108.1111	0.00023226
108.2222	0.00023228
108.3333	0.00023231
108.4444	0.00023216
108.5556	0.00023228
108.6667	0.00023232
108.7778	0.00023229
108.8889	0.00023222
109.0000	0.00023234
109.1111	0.00023226
109.2222	0.00023221
109.3333	0.00023231
109.4444	0.00023214
109.5556	0.00023230
109.6667	0.00023234
109.7778	0.00023223
109.8889	0.00023218
110.0000	0.00023225
110.1111	0.00023229
110.2222	0.00023243
110.3333	0.00023222
110.4444	0.00023225
110.5556	0.00023227
110.6667	0.00023224
110.7778	0.00023228
110.8889	0.00023236
111.0000	0.00023220
111.1111	0.00023223
111.2222	0.00023224
111.3333	0.00023235
111.4444	0.00023223
111.5556	0.00023224
111.6667	0.00023234
111.7778	0.00023225
111.8889	0.00023225
112.0000	0.00023229
112.1111	0.00023223
112.2222	0.00023227
112.3333	0.00023226
112.4444	0.00023225
112.5556	0.00023219
112.6667	0.00023224
112.7778	0.00023241
112.8889	0.00023218
113.0000	0.00023220
113.1111	0.00023223
113.2222	0.00023237
113.3333	0.00023233
113.4444	0.00023241
113.5556	0.00023235
113.6667	0.00023221
113.7778	0.00023231
113.8889	0.00023236
114.0000	0.00023230
114.1111	0.00023234
114.2222	0.00023231
114.3333	0.00023232
114.4444	0.00023227
114.5556	0.00023224
114.6667	0.00023231
114.7778	0.00023229
114.8889	0.00023225
115.0000	0.00023226
115.1111	0.00023225
115.2222	0.00023233
115.3333	0.00023236
115.4444	0.00023218
115.5556	0.00023229
115.6667	0.00023225
115.7778	0.00023226
115.8889	0.00023231
116.0000	0.00023223
116.1111	0.00023222
116.2222	0.00023234
116.3333	0.00023236
116.4444	0.00023236
116.5556	0.00023233
116.6667	0.00023222
116.7778	0.00023229
116.8889	0.00023228
117.0000	0.00023226
117.1111	0.00023232
117.2222	0.00023235
117.3333	0.00023241
117.4444	0.00023228
117.5556	0.00023235
117.6667	0.00023241
117.7778	0.00023236
117.8889	0.00023232
118.0000	0.00023227
118.1111	0.00023221
118.2222	0.00023225
118.3333	0.00023232
118.4444	0.00023228
118.5556	0.00023233
118.6667	0.00023238
118.7778	0.00023219
118.8889	0.00023224
119.0000	0.00023242
119.1111	0.00023234
119.2222	0.00023228
119.3333	0.00023233
119.4444	0.00023225
119.5556	0.00023238
119.6667	0.00023236
119.7778	0.00023242
119.8889	0.00023235
120.0000	0.00023218
120.1111	0.00023229
120.2222	0.00023240
120.3333	0.00023218
120.4444	0.00023221
120.5556	0.00023231
120.6667	0.00023221
120.7778	0.00023227
120.8889	0.00023222
121.0000	0.00023237
121.1111	0.00023229
121.2222	0.00023213
121.3333	0.00023241
121.4444	0.00023238
121.5556	0.00023232
121.6667	0.00023238
121.7778	0.00023229
121.8889	0.00023235
122.0000	0.00023231
122.1111	0.00023222
122.2222	0.00023234
122.3333	0.00023223
122.4444	0.00023231
122.5556	0.00023236
122.6667	0.00023230
122.7778	0.00023225
122.8889	0.00023232
123.0000	0.00023237
123.1111	0.00023232
123.2222	0.00023229
123.3333	0.00023242
123.4444	0.00023227
123.5556	0.00023227
123.6667	0.00023230
123.7778	0.00023231
123.8889	0.00023239
124.0000	0.00023234
124.1111	0.00023228
124.2222	0.00023220
124.3333	0.00023224
124.4444	0.00023229
124.5556	0.00023233
124.6667	0.00023225
124.7778	0.00023235
124.8889	0.00023223
125.0000	0.00023223
125.1111	0.00023225
125.2222	0.00023228
125.3333	0.00023234
125.4444	0.00023229
125.5556	0.00023231
125.6667	0.00023234
125.7778	0.00023229
125.8889	0.00023235
126.0000	0.00023231
126.1111	0.00023229
126.2222	0.00023226
126.3333	0.00023236
126.4444	0.00023229
126.5556	0.00023235
126.6667	0.00023230
126.7778	0.00023232
126.8889	0.00023232
127.0000	0.00023243
127.1111	0.00023222
127.2222	0.00023220
127.3333	0.00023234
127.4444	0.00023235
127.5556	0.00023227
127.6667	0.00023215
127.7778	0.00023234
127.8889	0.00023231
128.0000	0.00023248
128.1111	0.00023231
128.2222	0.00023236
128.3333	0.00023235
128.4444	0.00023241
128.5556	0.00023228
128.6667	0.00023228
128.7778	0.00023232
128.8889	0.00023236
129.0000	0.00023228
129.1111	0.00023234
129.2222	0.00023222
129.3333	0.00023225
129.4444	0.00023225
129.5556	0.00023234
129.6667	0.00023229
129.7778	0.00023221
129.8889	0.00023214
130.0000	0.00023229
130.1111	0.00023232
130.2222	0.00023226
130.3333	0.00023232
130.4444	0.00023238
130.5556	0.00023231
130.6667	0.00023223
130.7778	0.00023229
130.8889	0.00023234
131.0000	0.00023246
131.1111	0.00023239
131.2222	0.00023219
131.3333	0.00023229
131.4444	0.00023228
131.5556	0.00023254
131.6667	0.00023235
131.7778	0.00023235
131.8889	0.00023231
132.0000	0.00023245
132.1111	0.00023239
132.2222	0.00023226
132.3333	0.00023232
132.4444	0.00023228
132.5556	0.00023243
132.6667	0.00023228
132.7778	0.00023234
132.8889	0.00023236
133.0000	0.00023242
133.1111	0.00023232
133.2222	0.00023234
133.3333	0.00023229
133.4444	0.00023232
133.5556	0.00023240
133.6667	0.00023233
133.7778	0.00023232
133.8889	0.00023231
134.0000	0.00023219
134.1111	0.00023228
134.2222	0.00023218
134.3333	0.00023226
134.4444	0.00023212
134.5556	0.00023245
134.6667	0.00023234
134.7778	0.00023229
134.8889	0.00023238
135.0000	0.00023226
135.1111	0.00023232
135.2222	0.00023221
135.3333	0.00023226
135.4444	0.00023236
135.5556	0.00023229
135.6667	0.00023236
135.7778	0.00023225
135.8889	0.00023235
136.0000	0.00023245
136.1111	0.00023229
136.2222	0.00023233
136.3333	0.00023235
136.4444	0.00023221
136.5556	0.00023235
136.6667	0.00023383
136.7778	0.00023278
136.8889	0.00023227
137.0000	0.00022478
137.1111	0.00022405
137.2222	0.00021403
137.3333	0.00021403
137.4444	0.00021385
137.5556	0.00021399
137.6667	0.00021406
137.7778	0.00021395
137.8889	0.00021395
138.0000	0.00021391
138.1111	0.00021411
138.2222	0.00021390
138.3333	0.00021403
138.4444	0.00021401
138.5556	0.00021395
138.6667	0.00021394
138.7778	0.00021394
138.8889	0.00021395
139.0000	0.00021403
139.1111	0.00021394
139.2222	0.00021407
139.3333	0.00020577
139.4444	0.00020479
139.5556	0.00020483
139.6667	0.00020483
139.7778	0.00020488
139.8889	0.00020478
140.0000	0.00020481
140.1111	0.00020486
140.2222	0.00020488
140.3333	0.00020489
140.4444	0.00020478
140.5556	0.00020492
140.6667	0.00020482
140.7778	0.00020483
140.8889	0.00020480
141.0000	0.00020489
141.1111	0.00020485
141.2222	0.00020491
141.3333	0.00020485
141.4444	0.00020485
141.5556	0.00020489
141.6667	0.00020482
141.7778	0.00020484
141.8889	0.00020482
142.0000	0.00020482
142.1111	0.00020482
142.2222	0.00020485
142.3333	0.00020479
142.4444	0.00020485
142.5556	0.00020495
142.6667	0.00020482
142.7778	0.00020482
142.8889	0.00020485
143.0000	0.00020486
143.1111	0.00020483
143.2222	0.00020477
143.3333	0.00020486
143.4444	0.00020476
143.5556	0.00020472
143.6667	0.00020485
143.7778	0.00020488
143.8889	0.00020479
144.0000	0.00020490
144.1111	0.00020472
144.2222	0.00020478
144.3333	0.00020481
144.4444	0.00020475
144.5556	0.00020480
144.6667	0.00020491
144.7778	0.00020484
144.8889	0.00020488
145.0000	0.00020479
145.1111	0.00020478
145.2222	0.00022559
145.3333	0.00021142
145.4444	0.00021163
145.5556	0.00020955
145.6667	0.00020946
145.7778	0.00020941
145.8889	0.00020943
146.0000	0.00020947
146.1111	0.00020944
146.2222	0.00020935
146.3333	0.00020943
146.4444	0.00020936
146.5556	0.00020935
146.6667	0.00020945
146.7778	0.00020948
146.8889	0.00020934
147.0000	0.00020950
147.1111	0.00020937
147.2222	0.00020942
147.3333	0.00020941
147.4444	0.00020942
147.5556	0.00020949
147.6667	0.00020941
147.7778	0.00020944
147.8889	0.00020948
148.0000	0.00020941
148.1111	0.00020947
148.2222	0.00020938
148.3333	0.00020934
148.4444	0.00020935
148.5556	0.00020938
148.6667	0.00020933
148.7778	0.00020947
148.8889	0.00020941
149.0000	0.00020946
149.1111	0.00020939
149.2222	0.00020937
149.3333	0.00020940
149.4444	0.00020945
149.5556	0.00020932
149.6667	0.00020897
149.7778	0.00020953
149.8889	0.00020947
150.0000	0.00020953
150.1111	0.00020935
150.2222	0.00020937
150.3333	0.00020949
150.4444	0.00020942
150.5556	0.00020948
150.6667	0.00020940
150.7778	0.00020948
150.8889	0.00020932
151.0000	0.00020941
151.1111	0.00020943
151.2222	0.00020948
151.3333	0.00020939
151.4444	0.00020943
151.5556	0.00020934
151.6667	0.00020940
151.7778	0.00020941
151.8889	0.00020942
152.0000	0.00020950
152.1111	0.00020926
152.2222	0.00020940
152.3333	0.00020940
152.4444	0.00020936
152.5556	0.00020935
152.6667	0.00020941
152.7778	0.00020942
152.8889	0.00020947
153.0000	0.00020943
153.1111	0.00020946
153.2222	0.00020948
153.3333	0.00020949
153.4444	0.00020945
153.5556	0.00020936
153.6667	0.00020947
153.7778	0.00020945
153.8889	0.00020941
154.0000	0.00020953
154.1111	0.00020941
154.2222	0.00020944
154.3333	0.00020947
154.4444	0.00020942
154.5556	0.00020950
154.6667	0.00020945
154.7778	0.00020943
154.8889	0.00020937
155.0000	0.00020937
155.1111	0.00020937
155.2222	0.00020942
155.3333	0.00020954
155.4444	0.00020926
155.5556	0.00020937
155.6667	0.00020941
155.7778	0.00020936
155.8889	0.00020939
156.0000	0.00020954
156.1111	0.00020948
156.2222	0.00020940
156.3333	0.00020950
156.4444	0.00020951
156.5556	0.00020949
156.6667	0.00020942
156.7778	0.00020941
156.8889	0.00020942
157.0000	0.00020933
157.1111	0.00020951
157.2222	0.00020939
157.3333	0.00020940
157.4444	0.00020946
157.5556	0.00020935
157.6667	0.00020944
157.7778	0.00020948
157.8889	0.00020940
158.0000	0.00020939
158.1111	0.00020942
158.2222	0.00020935
158.3333	0.00020948
158.4444	0.00020947
158.5556	0.00020937
158.6667	0.00020953
158.7778	0.00020934
158.8889	0.00020939
159.0000	0.00020943
159.1111	0.00020941
159.2222	0.00020948
159.3333	0.00020944
159.4444	0.00020950
159.5556	0.00020946
159.6667	0.00020941
159.7778	0.00020942
159.8889	0.00020935
160.0000	0.00020936
160.1111	0.00020947
160.2222	0.00020947
160.3333	0.00020942
160.4444	0.00020934
160.5556	0.00020934
160.6667	0.00020950
160.7778	0.00020942
160.8889	0.00020948
161.0000	0.00020948
161.1111	0.00020947
161.2222	0.00020935
161.3333	0.00020938
161.4444	0.00020949
161.5556	0.00020936
161.6667	0.00020939
161.7778	0.00020947
161.8889	0.00020942
162.0000	0.00020939
162.1111	0.00020937
162.2222	0.00020945
162.3333	0.00020941
162.4444	0.00020936
162.5556	0.00020943
162.6667	0.00020943
162.7778	0.00020956
162.8889	0.00020953
163.0000	0.00020938
163.1111	0.00020945
163.2222	0.00020945
163.3333	0.00020940
163.4444	0.00020942
163.5556	0.00020939
163.6667	0.00020944
163.7778	0.00020944
163.8889	0.00020950
164.0000	0.00020950
164.1111	0.00020948
164.2222	0.00020940
164.3333	0.00020942
164.4444	0.00020958
164.5556	0.00020947
164.6667	0.00020942
164.7778	0.00020952
164.8889	0.00020938
165.0000	0.00020947
165.1111	0.00020954
165.2222	0.00020943
165.3333	0.00020938
165.4444	0.00020941
165.5556	0.00020948
165.6667	0.00020941
165.7778	0.00020948
165.8889	0.00020947
166.0000	0.00020939
166.1111	0.00020939
166.2222	0.00020935
166.3333	0.00020942
166.4444	0.00020938
166.5556	0.00020936
166.6667	0.00020944
166.7778	0.00020958
166.8889	0.00020948
167.0000	0.00020949
167.1111	0.00020938
167.2222	0.00020948
167.3333	0.00020946
167.4444	0.00020939
167.5556	0.00020949
167.6667	0.00020941
167.7778	0.00020951
167.8889	0.00020961
168.0000	0.00020938
168.1111	0.00020937
168.2222	0.00020943
168.3333	0.00020949
168.4444	0.00020938
168.5556	0.00020941
168.6667	0.00020935
168.7778	0.00020942
168.8889	0.00020953
169.0000	0.00020941
169.1111	0.00020949
169.2222	0.00020953
169.3333	0.00020949
169.4444	0.00020943
169.5556	0.00020935
169.6667	0.00020937
169.7778	0.00020942
169.8889	0.00020953
170.0000	0.00020939
170.1111	0.00020944
170.2222	0.00020941
170.3333	0.00020941
170.4444	0.00020947
170.5556	0.00020949
170.6667	0.00020936
170.7778	0.00020945
170.8889	0.00020954
171.0000	0.00020947
171.1111	0.00020946
171.2222	0.00020954
171.3333	0.00020945
171.4444	0.00020954
171.5556	0.00020954
171.6667	0.00020945
171.7778	0.00020945
171.8889	0.00020935
172.0000	0.00020957
172.1111	0.00020960
172.2222	0.00020934
172.3333	0.00020945
172.4444	0.00020934
172.5556	0.00020958
172.6667	0.00020947
172.7778	0.00020950
172.8889	0.00020951
173.0000	0.00020942
173.1111	0.00020956
173.2222	0.00020940
173.3333	0.00020946
173.4444	0.00020937
173.5556	0.00020942
173.6667	0.00020944
173.7778	0.00020944
173.8889	0.00020942
174.0000	0.00020945
174.1111	0.00020938
174.2222	0.00020947
174.3333	0.00020948
174.4444	0.00020947
174.5556	0.00020956
174.6667	0.00020950
174.7778	0.00020946
174.8889	0.00020942
175.0000	0.00020938
175.1111	0.00020929
175.2222	0.00020953
175.3333	0.00020936
175.4444	0.00020943
175.5556	0.00020944
175.6667	0.00020950
175.7778	0.00020953
175.8889	0.00020942
176.0000	0.00020951
176.1111	0.00020951
176.2222	0.00020941
176.3333	0.00020943
176.4444	0.00020948
176.5556	0.00020948
176.6667	0.00020946
176.7778	0.00021467
176.8889	0.00021529
177.0000	0.00020951
177.1111	0.00021817
177.2222	0.00020540
177.3333	0.00018804
177.4444	0.00016355
177.5556	0.00016355
177.6667	0.00016353
177.7778	0.00016352
177.8889	0.00016360
178.0000	0.00016358
178.1111	0.00016361
178.2222	0.00016360
178.3333	0.00016354
178.4444	0.00016353
178.5556	0.00016366
178.6667	0.00016363
178.7778	0.00016347
178.8889	0.00016360
179.0000	0.00016363
179.1111	0.00016348
179.2222	0.00016372
179.3333	0.00016360
179.4444	0.00016355
179.5556	0.00016360
179.6667	0.00016369
179.7778	0.00016360
179.8889	0.00016357
180.0000	0.00016357
180.1111	0.00016373
180.2222	0.00016358
180.3333	0.00016363
180.4444	0.00016353
180.5556	0.00016368
180.6667	0.00016357
180.7778	0.00016358
180.8889	0.00016354
181.0000	0.00016343
181.1111	0.00016361
181.2222	0.00016364
181.3333	0.00016367
181.4444	0.00016359
181.5556	0.00016366
181.6667	0.00016355
181.7778	0.00016363
181.8889	0.00016354
182.0000	0.00016347
182.1111	0.00016360
182.2222	0.00016360
182.3333	0.00016364
182.4444	0.00019567
182.5556	0.00023472
182.6667	0.00022303
182.7778	0.00022664
182.8889	0.00025341
183.0000	0.00024427
183.1111	0.00025285
183.2222	0.00025542
183.3333	0.00025522
183.4444	0.00025548
183.5556	0.00025530
183.6667	0.00025536
183.7778	0.00025521
183.8889	0.00025534
184.0000	0.00025525
184.1111	0.00025532
184.2222	0.00025531
184.3333	0.00025532
184.4444	0.00025541
184.5556	0.00025526
184.6667	0.00025561
184.7778	0.00025586
184.8889	0.00025526
185.0000	0.00025536
185.1111	0.00025539
185.2222	0.00025534
185.3333	0.00025525
185.4444	0.00025534
185.5556	0.00025533
185.6667	0.00025529
185.7778	0.00025534
185.8889	0.00025525
186.0000	0.00025536
186.1111	0.00025544
186.2222	0.00025535
186.3333	0.00025538
186.4444	0.00025538
186.5556	0.00025535
186.6667	0.00025531
186.7778	0.00025539
186.8889	0.00025532
187.0000	0.00025525
187.1111	0.00025528
187.2222	0.00025529
187.3333	0.00025538
187.4444	0.00025538
187.5556	0.00025533
187.6667	0.00025537
187.7778	0.00025541
187.8889	0.00025534
188.0000	0.00025529
188.1111	0.00025541
188.2222	0.00025526
188.3333	0.00025528
188.4444	0.00025536
188.5556	0.00025525
188.6667	0.00025531
188.7778	0.00025534
188.8889	0.00025532
189.0000	0.00025530
189.1111	0.00025530
189.2222	0.00025530
189.3333	0.00025537
189.4444	0.00025525
189.5556	0.00025533
189.6667	0.00025545
189.7778	0.00025524
189.8889	0.00025528
190.0000	0.00025551
190.1111	0.00025527
190.2222	0.00025539
190.3333	0.00025536
190.4444	0.00025530
190.5556	0.00025536
190.6667	0.00025532
190.7778	0.00025538
190.8889	0.00025523
191.0000	0.00025533
191.1111	0.00025528
191.2222	0.00025539
191.3333	0.00025542
191.4444	0.00025535
191.5556	0.00025525
191.6667	0.00025541
191.7778	0.00025546
191.8889	0.00025518
192.0000	0.00025544
192.1111	0.00025528
192.2222	0.00025537
192.3333	0.00025529
192.4444	0.00025529
192.5556	0.00025528
192.6667	0.00025535
192.7778	0.00025533
192.8889	0.00025531
193.0000	0.00025534
193.1111	0.00025543
193.2222	0.00025517
193.3333	0.00025539
193.4444	0.00025534
193.5556	0.00025529
193.6667	0.00025534
193.7778	0.00025528
193.8889	0.00025531
194.0000	0.00025548
194.1111	0.00025529
194.2222	0.00025537
194.3333	0.00025530
194.4444	0.00025536
194.5556	0.00025540
194.6667	0.00025531
194.7778	0.00025536
194.8889	0.00025532
195.0000	0.00025532
195.1111	0.00025537
195.2222	0.00025543
195.3333	0.00025530
195.4444	0.00025540
195.5556	0.00025536
195.6667	0.00025528
195.7778	0.00025530
195.8889	0.00025532
196.0000	0.00025522
196.1111	0.00025532
196.2222	0.00025531
196.3333	0.00025535
196.4444	0.00025529
196.5556	0.00025546
196.6667	0.00025535
196.7778	0.00025528
196.8889	0.00025537
197.0000	0.00025532
197.1111	0.00025528
197.2222	0.00025543
197.3333	0.00025540
197.4444	0.00025539
197.5556	0.00025532
197.6667	0.00025542
197.7778	0.00025523
197.8889	0.00025538
198.0000	0.00025541
198.1111	0.00025546
198.2222	0.00025538
198.3333	0.00025534
198.4444	0.00025543
198.5556	0.00025533
198.6667	0.00025528
198.7778	0.00025538
198.8889	0.00025532
199.0000	0.00025535
199.1111	0.00025542
199.2222	0.00025538
199.3333	0.00025536
199.4444	0.00025521
199.5556	0.00025529
199.6667	0.00025532
199.7778	0.00025524
199.8889	0.00025536
200.0000	0.00025528
200.1111	0.00025535
200.2222	0.00025530
200.3333	0.00025538
200.4444	0.00025548
200.5556	0.00025534
200.6667	0.00025539
200.7778	0.00025544
200.8889	0.00025528
201.0000	0.00025532
201.1111	0.00025541
201.2222	0.00025533
201.3333	0.00025533
201.4444	0.00025539
201.5556	0.00025535
201.6667	0.00025522
201.7778	0.00025536
201.8889	0.00025536
202.0000	0.00025535
202.1111	0.00025527
202.2222	0.00025531
202.3333	0.00025538
202.4444	0.00025535
202.5556	0.00025523
202.6667	0.00025538
202.7778	0.00025536
202.8889	0.00025538
203.0000	0.00025533
203.1111	0.00025546
203.2222	0.00025538
203.3333	0.00025546
203.4444	0.00025526
203.5556	0.00025534
203.6667	0.00025526
203.7778	0.00025530
203.8889	0.00025538
204.0000	0.00025548
204.1111	0.00025530
204.2222	0.00025532
204.3333	0.00025538
204.4444	0.00025535
204.5556	0.00025535
204.6667	0.00025530
204.7778	0.00025523
204.8889	0.00025536
205.0000	0.00025536
205.1111	0.00025526
205.2222	0.00025538
205.3333	0.00025509
205.4444	0.00025536
205.5556	0.00025539
205.6667	0.00025537
205.7778	0.00025525
205.8889	0.00025539
206.0000	0.00025536
206.1111	0.00025532
206.2222	0.00025535
206.3333	0.00025531
206.4444	0.00025536
206.5556	0.00025541
206.6667	0.00025526
206.7778	0.00025531
206.8889	0.00025534
207.0000	0.00025540
207.1111	0.00025539
207.2222	0.00025530
207.3333	0.00025534
207.4444	0.00025528
207.5556	0.00025526
207.6667	0.00025542
207.7778	0.00025524
207.8889	0.00025533
208.0000	0.00025530
208.1111	0.00025523
208.2222	0.00025533
208.3333	0.00025538
208.4444	0.00025528
208.5556	0.00025523
208.6667	0.00025532
208.7778	0.00025532
208.8889	0.00025536
209.0000	0.00025545
209.1111	0.00025538
209.2222	0.00025536
209.3333	0.00025541
209.4444	0.00025545
209.5556	0.00025532
209.6667	0.00025526
209.7778	0.00025536
209.8889	0.00025528
210.0000	0.00025529
210.1111	0.00025538
210.2222	0.00025539
210.3333	0.00025530
210.4444	0.00025539
210.5556	0.00025530
210.6667	0.00025526
210.7778	0.00025536
210.8889	0.00025538
211.0000	0.00025527
211.1111	0.00025534
211.2222	0.00025532
211.3333	0.00025550
211.4444	0.00025513
211.5556	0.00025542
211.6667	0.00025531
211.7778	0.00025526
211.8889	0.00025528
212.0000	0.00025536
212.1111	0.00025532
212.2222	0.00025546
212.3333	0.00025532
212.4444	0.00025526
212.5556	0.00025536
212.6667	0.00025535
212.7778	0.00025542
212.8889	0.00025529
213.0000	0.00025547
213.1111	0.00025522
213.2222	0.00025543
213.3333	0.00025535
213.4444	0.00025535
213.5556	0.00025546
213.6667	0.00025535
213.7778	0.00025535
213.8889	0.00025538
214.0000	0.00025523
214.1111	0.00025527
214.2222	0.00025536
214.3333	0.00025538
214.4444	0.00025534
214.5556	0.00025542
214.6667	0.00025534
214.7778	0.00025533
214.8889	0.00025528
215.0000	0.00025539
215.1111	0.00025531
215.2222	0.00025540
215.3333	0.00025535
215.4444	0.00025534
215.5556	0.00025532
215.6667	0.00025510
215.7778	0.00025585
215.8889	0.00025509
216.0000	0.00025557
216.1111	0.00025514
216.2222	0.00025549
216.3333	0.00025527
216.4444	0.00025545
216.5556	0.00025527
216.6667	0.00025542
216.7778	0.00025536
216.8889	0.00025538
217.0000	0.00025543
217.1111	0.00025529
217.2222	0.00025544
217.3333	0.00025537
217.4444	0.00025524
217.5556	0.00025537
217.6667	0.00025535
217.7778	0.00025536
217.8889	0.00025534
218.0000	0.00025536
218.1111	0.00025538
218.2222	0.00025539
218.3333	0.00025536
218.4444	0.00025543
218.5556	0.00025542
218.6667	0.00025536
218.7778	0.00025530
218.8889	0.00025538
219.0000	0.00025539
219.1111	0.00025542
219.2222	0.00025533
219.3333	0.00025531
219.4444	0.00025534
219.5556	0.00025535
219.6667	0.00025521
219.7778	0.00025541
219.8889	0.00025532
220.0000	0.00025526
220.1111	0.00025535
220.2222	0.00025541
220.3333	0.00025532
220.4444	0.00025544
220.5556	0.00025535
220.6667	0.00025541
220.7778	0.00025534
220.8889	0.00025526
221.0000	0.00025538
221.1111	0.00025545
221.2222	0.00025534
221.3333	0.00025526
221.4444	0.00025531
221.5556	0.00025521
221.6667	0.00025535
221.7778	0.00025528
221.8889	0.00025533
222.0000	0.00025532
222.1111	0.00025538
222.2222	0.00025552
222.3333	0.00025530
222.4444	0.00025540
222.5556	0.00025532
222.6667	0.00025532
222.7778	0.00025541
222.8889	0.00025544
223.0000	0.00025540
223.1111	0.00025538
223.2222	0.00025520
223.3333	0.00025536
223.4444	0.00025539
223.5556	0.00025529
223.6667	0.00025541
223.7778	0.00025535
223.8889	0.00025527
224.0000	0.00025536
224.1111	0.00025544
224.2222	0.00025535
224.3333	0.00025540
224.4444	0.00025528
224.5556	0.00025536
224.6667	0.00025522
224.7778	0.00025542
224.8889	0.00025529
225.0000	0.00025536
225.1111	0.00025534
225.2222	0.00025538
225.3333	0.00025540
225.4444	0.00025543
225.5556	0.00025525
225.6667	0.00025551
225.7778	0.00025545
225.8889	0.00025536
226.0000	0.00025519
226.1111	0.00025533
226.2222	0.00025531
226.3333	0.00025532
226.4444	0.00025539
226.5556	0.00025518
226.6667	0.00025541
226.7778	0.00025524
226.8889	0.00025536
227.0000	0.00025539
227.1111	0.00025534
227.2222	0.00025530
227.3333	0.00025522
227.4444	0.00025544
227.5556	0.00025537
227.6667	0.00025542
227.7778	0.00025524
227.8889	0.00025061
228.0000	0.00025094
228.1111	0.00025065
228.2222	0.00025070
228.3333	0.00025081
228.4444	0.00025070
228.5556	0.00025078
228.6667	0.00025077
228.7778	0.00025083
228.8889	0.00025069
229.0000	0.00025086
229.1111	0.00025067
229.2222	0.00025082
229.3333	0.00025094
229.4444	0.00025083
229.5556	0.00025245
229.6667	0.00024395
229.7778	0.00023232
229.8889	0.00023245
230.0000	0.00023245
230.1111	0.00023249
230.2222	0.00023234
230.3333	0.00023243
230.4444	0.00023252
230.5556	0.00023243
230.6667	0.00023264
230.7778	0.00023203
230.8889	0.00023238
231.0000	0.00023260
231.1111	0.00023246
231.2222	0.00023229
231.3333	0.00023236
231.4444	0.00023250
231.5556	0.00023236
231.6667	0.00023241
231.7778	0.00023235
231.8889	0.00023245
232.0000	0.00023240
232.1111	0.00023241
232.2222	0.00023236
232.3333	0.00023245
232.4444	0.00023240
232.5556	0.00023239
232.6667	0.00023565
232.7778	0.00026872
232.8889	0.00027615
233.0000	0.00027725
233.1111	0.00027702
233.2222	0.00027910
233.3333	0.00027793
233.4444	0.00027853
233.5556	0.00027822
233.6667	0.00027833
233.7778	0.00027834
233.8889	0.00027831
234.0000	0.00027834
234.1111	0.00027823
234.2222	0.00027824
234.3333	0.00027844
234.4444	0.00027825
234.5556	0.00027829
234.6667	0.00027828
234.7778	0.00027831
234.8889	0.00027822
235.0000	0.00027835
235.1111	0.00027833
235.2222	0.00027825
235.3333	0.00027834
235.4444	0.00027830
235.5556	0.00027832
235.6667	0.00027829
235.7778	0.00027832
235.8889	0.00027829
236.0000	0.00027835
236.1111	0.00027821
236.2222	0.00027828
236.3333	0.00027828
236.4444	0.00027825
236.5556	0.00027830
236.6667	0.00027819
236.7778	0.00027835
236.8889	0.00027829
237.0000	0.00027824
237.1111	0.00027823
237.2222	0.00027830
237.3333	0.00027829
237.4444	0.00027835
237.5556	0.00027825
237.6667	0.00027840
237.7778	0.00027825
237.8889	0.00027820
238.0000	0.00027826
238.1111	0.00027832
238.2222	0.00027823
238.3333	0.00027838
238.4444	0.00027832
238.5556	0.00027822
238.6667	0.00027832
238.7778	0.00027835
238.8889	0.00027835
239.0000	0.00027834
239.1111	0.00027828
239.2222	0.00027831
239.3333	0.00027839
239.4444	0.00027829
239.5556	0.00027832
239.6667	0.00027831
239.7778	0.00027829
239.8889	0.00027831
240.0000	0.00027823
240.1111	0.00027840
240.2222	0.00027828
240.3333	0.00027833
240.4444	0.00027844
240.5556	0.00027835
240.6667	0.00027825
240.7778	0.00027826
240.8889	0.00027831
241.0000	0.00027828
241.1111	0.00027840
241.2222	0.00027830
241.3333	0.00027828
241.4444	0.00027834
241.5556	0.00027830
241.6667	0.00027840
241.7778	0.00027831
241.8889	0.00027819
242.0000	0.00027827
242.1111	0.00027826
242.2222	0.00027825
242.3333	0.00027828
242.4444	0.00027823
242.5556	0.00027836
242.6667	0.00027835
242.7778	0.00027825
242.8889	0.00027827
243.0000	0.00027829
243.1111	0.00027838
243.2222	0.00027823
243.3333	0.00027820
243.4444	0.00027838
243.5556	0.00027827
243.6667	0.00027835
243.7778	0.00027822
243.8889	0.00027828
244.0000	0.00027836
244.1111	0.00027837
244.2222	0.00027824
244.3333	0.00027825
244.4444	0.00027823
244.5556	0.00027834
244.6667	0.00027852
244.7778	0.00027828
244.8889	0.00027827
245.0000	0.00027836
245.1111	0.00027835
245.2222	0.00027827
245.3333	0.00027828
245.4444	0.00027834
245.5556	0.00027821
245.6667	0.00027840
245.7778	0.00027835
245.8889	0.00027836
246.0000	0.00027831
246.1111	0.00027819
246.2222	0.00027832
246.3333	0.00027831
246.4444	0.00027837
246.5556	0.00027836
246.6667	0.00027814
246.7778	0.00027822
246.8889	0.00027834
247.0000	0.00027835
247.1111	0.00027829
247.2222	0.00027838
247.3333	0.00027830
247.4444	0.00027836
247.5556	0.00027824
247.6667	0.00027832
247.7778	0.00027830
247.8889	0.00027829
248.0000	0.00027821
248.1111	0.00027833
248.2222	0.00027820
248.3333	0.00027831
248.4444	0.00027833
248.5556	0.00027827
248.6667	0.00027821
248.7778	0.00027840
248.8889	0.00027833
249.0000	0.00027832
249.1111	0.00027824
249.2222	0.00027829
249.3333	0.00027822
249.4444	0.00027826
249.5556	0.00027845
249.6667	0.00027821
249.7778	0.00027849
249.8889	0.00027834
250.0000	0.00027835
250.1111	0.00027828
250.2222	0.00027840
250.3333	0.00027823
250.4444	0.00027829
250.5556	0.00027827
250.6667	0.00027833
250.7778	0.00027834
250.8889	0.00027836
251.0000	0.00027838
251.1111	0.00027825
251.2222	0.00027826
251.3333	0.00027836
251.4444	0.00027824
251.5556	0.00027829
251.6667	0.00027829
251.7778	0.00027836
251.8889	0.00027832
252.0000	0.00027839
252.1111	0.00027833
252.2222	0.00027831
252.3333	0.00027831
252.4444	0.00027836
252.5556	0.00027822
252.6667	0.00027830
252.7778	0.00027831
252.8889	0.00027837
253.0000	0.00027831
253.1111	0.00027833
253.2222	0.00027842
253.3333	0.00027837
253.4444	0.00027847
253.5556	0.00027806
253.6667	0.00027846
253.7778	0.00027833
253.8889	0.00027832
254.0000	0.00027834
254.1111	0.00027825
254.2222	0.00027839
254.3333	0.00027827
254.4444	0.00027832
254.5556	0.00027823
254.6667	0.00027828
254.7778	0.00027831
254.8889	0.00027830
255.0000	0.00027830
255.1111	0.00027834
255.2222	0.00027831
255.3333	0.00027822
255.4444	0.00027828
255.5556	0.00027838
255.6667	0.00027828
255.7778	0.00027837
255.8889	0.00027836
256.0000	0.00027836
256.1111	0.00027844
256.2222	0.00027838
256.3333	0.00027835
256.4444	0.00027832
256.5556	0.00027830
256.6667	0.00027832
256.7778	0.00027831
256.8889	0.00027841
257.0000	0.00027836
257.1111	0.00027841
257.2222	0.00027829
257.3333	0.00027836
257.4444	0.00027838
257.5556	0.00027828
257.6667	0.00027835
257.7778	0.00027829
257.8889	0.00027830
258.0000	0.00027821
258.1111	0.00027823
258.2222	0.00027828
258.3333	0.00027832
258.4444	0.00027835
258.5556	0.00027824
258.6667	0.00027833
258.7778	0.00027844
258.8889	0.00027829
259.0000	0.00027832
259.1111	0.00027833
259.2222	0.00027835
259.3333	0.00027826
259.4444	0.00027819
259.5556	0.00027824
259.6667	0.00027827
259.7778	0.00027840
259.8889	0.00027821
260.0000	0.00027827
260.1111	0.00027841
260.2222	0.00027829
260.3333	0.00027831
260.4444	0.00027838
260.5556	0.00027831
260.6667	0.00027823
260.7778	0.00027837
260.8889	0.00027823
261.0000	0.00027832
261.1111	0.00027839
261.2222	0.00027831
261.3333	0.00027837
261.4444	0.00027828
261.5556	0.00027821
261.6667	0.00027840
261.7778	0.00027825
261.8889	0.00027842
262.0000	0.00027829
262.1111	0.00027823
262.2222	0.00027828
262.3333	0.00027826
262.4444	0.00027836
262.5556	0.00027848
262.6667	0.00027830
262.7778	0.00027831
262.8889	0.00027840
263.0000	0.00027826
263.1111	0.00027826
263.2222	0.00027832
263.3333	0.00027828
263.4444	0.00027825
263.5556	0.00027832
263.6667	0.00027841
263.7778	0.00027833
263.8889	0.00027826
264.0000	0.00027836
264.1111	0.00027837
264.2222	0.00027825
264.3333	0.00027828
264.4444	0.00027829
264.5556	0.00027829
264.6667	0.00027843
264.7778	0.00027826
264.8889	0.00027829
265.0000	0.00027825
265.1111	0.00027836
265.2222	0.00027829
265.3333	0.00028558
265.4444	0.00029818
265.5556	0.00029651
265.6667	0.00029649
265.7778	0.00029632
265.8889	0.00029591
266.0000	0.00029605
266.1111	0.00029637
266.2222	0.00029643
266.3333	0.00029663
266.4444	0.00029668
266.5556	0.00029684
266.6667	0.00029676
266.7778	0.00029674
266.8889	0.00029675
267.0000	0.00029665
267.1111	0.00029673
267.2222	0.00029658
267.3333	0.00029653
267.4444	0.00029659
267.5556	0.00029673
267.6667	0.00029664
267.7778	0.00029682
267.8889	0.00029671
268.0000	0.00029676
268.1111	0.00029663
268.2222	0.00029661
268.3333	0.00029665
268.4444	0.00029667
268.5556	0.00029660
268.6667	0.00029655
268.7778	0.00029667
268.8889	0.00029711
269.0000	0.00030061
269.1111	0.00030065
269.2222	0.00030064
269.3333	0.00030111
269.4444	0.00030104
269.5556	0.00030117
269.6667	0.00030135
269.7778	0.00030130
269.8889	0.00030135
270.0000	0.00030134
270.1111	0.00030136
270.2222	0.00030135
270.3333	0.00030136
270.4444	0.00030132
270.5556	0.00030131
270.6667	0.00030130
270.7778	0.00030135
270.8889	0.00030123
271.0000	0.00030120
271.1111	0.00030097
271.2222	0.00030139
271.3333	0.00030116
271.4444	0.00030121
271.5556	0.00030135
271.6667	0.00030108
271.7778	0.00030136
271.8889	0.00030126
272.0000	0.00030140
272.1111	0.00030129
272.2222	0.00030127
272.3333	0.00030120
272.4444	0.00030123
272.5556	0.00030117
272.6667	0.00030113
272.7778	0.00030116
272.8889	0.00030125
273.0000	0.00030129
273.1111	0.00030128
273.2222	0.00030126
273.3333	0.00030118
273.4444	0.00030120
273.5556	0.00030120
273.6667	0.00030130
273.7778	0.00030118
273.8889	0.00030123
274.0000	0.00030115
274.1111	0.00030119
274.2222	0.00030118
274.3333	0.00030134
274.4444	0.00030110
274.5556	0.00030129
274.6667	0.00030119
274.7778	0.00030124
274.8889	0.00030123
275.0000	0.00030123
275.1111	0.00030124
275.2222	0.00030130
275.3333	0.00030128
275.4444	0.00030121
275.5556	0.00030116
275.6667	0.00030128
275.7778	0.00030123
275.8889	0.00030122
276.0000	0.00030127
276.1111	0.00030122
276.2222	0.00030134
276.3333	0.00030124
276.4444	0.00030123
276.5556	0.00030135
276.6667	0.00030120
276.7778	0.00030120
276.8889	0.00030120
277.0000	0.00030124
277.1111	0.00030136
277.2222	0.00030122
277.3333	0.00030128
277.4444	0.00030128
277.5556	0.00030121
277.6667	0.00030130
277.7778	0.00030125
277.8889	0.00030134
278.0000	0.00030119
278.1111	0.00030139
278.2222	0.00030122
278.3333	0.00030137
278.4444	0.00030131
278.5556	0.00030123
278.6667	0.00030134
278.7778	0.00030137
278.8889	0.00030113
279.0000	0.00030125
279.1111	0.00030116
279.2222	0.00030129
279.3333	0.00030119
279.4444	0.00030119
279.5556	0.00030133
279.6667	0.00030130
279.7778	0.00030119
279.8889	0.00030131
280.0000	0.00030129
280.1111	0.00030116
280.2222	0.00030129
280.3333	0.00030125
280.4444	0.00030117
280.5556	0.00030138
280.6667	0.00030128
280.7778	0.00030117
280.8889	0.00030127
281.0000	0.00030124
281.1111	0.00030120
281.2222	0.00030126
281.3333	0.00030127
281.4444	0.00030141
281.5556	0.00030128
281.6667	0.00030118
281.7778	0.00030126
281.8889	0.00030130
282.0000	0.00030134
282.1111	0.00030122
282.2222	0.00030120
282.3333	0.00030126
282.4444	0.00030116
282.5556	0.00030122
282.6667	0.00030129
282.7778	0.00030125
282.8889	0.00030125
283.0000	0.00030120
283.1111	0.00030127
283.2222	0.00030115
283.3333	0.00030127
283.4444	0.00030113
283.5556	0.00030135
283.6667	0.00030133
283.7778	0.00030118
283.8889	0.00030125
284.0000	0.00030122
284.1111	0.00030126
284.2222	0.00030125
284.3333	0.00030123
284.4444	0.00030118
284.5556	0.00030133
284.6667	0.00030126
284.7778	0.00030125
284.8889	0.00030133
285.0000	0.00030135
285.1111	0.00030133
285.2222	0.00030134
285.3333	0.00030139
285.4444	0.00030123
285.5556	0.00030122
285.6667	0.00030125
285.7778	0.00030124
285.8889	0.00030119
286.0000	0.00030133
286.1111	0.00030128
286.2222	0.00030126
286.3333	0.00030126
286.4444	0.00030118
286.5556	0.00030126
286.6667	0.00030125
286.7778	0.00030122
286.8889	0.00030122
287.0000	0.00030128
287.1111	0.00030132
287.2222	0.00030129
287.3333	0.00030125
287.4444	0.00030123
287.5556	0.00030134
287.6667	0.00030128
287.7778	0.00030140
287.8889	0.00030119
288.0000	0.00030122
288.1111	0.00030122
288.2222	0.00030128
288.3333	0.00030109
288.4444	0.00030140
288.5556	0.00030126
288.6667	0.00030125
288.7778	0.00030118
288.8889	0.00030131
289.0000	0.00030123
289.1111	0.00030131
289.2222	0.00030123
289.3333	0.00030118
289.4444	0.00030123
289.5556	0.00030126
289.6667	0.00030120
289.7778	0.00030124
289.8889	0.00030128
290.0000	0.00030129
290.1111	0.00030131
290.2222	0.00030122
290.3333	0.00030112
290.4444	0.00030140
290.5556	0.00030126
290.6667	0.00030120
290.7778	0.00030124
290.8889	0.00030131
291.0000	0.00030134
291.1111	0.00030123
291.2222	0.00030122
291.3333	0.00030132
291.4444	0.00030135
291.5556	0.00030128
291.6667	0.00030121
291.7778	0.00030124
291.8889	0.00030119
292.0000	0.00030142
292.1111	0.00030120
292.2222	0.00030124
292.3333	0.00030130
292.4444	0.00030136
292.5556	0.00030123
292.6667	0.00030114
292.7778	0.00030120
292.8889	0.00030122
293.0000	0.00030126
293.1111	0.00030124
293.2222	0.00030126
293.3333	0.00030128
293.4444	0.00030118
293.5556	0.00030124
293.6667	0.00030123
293.7778	0.00030135
293.8889	0.00030119
294.0000	0.00030132
294.1111	0.00030110
294.2222	0.00030134
294.3333	0.00030123
294.4444	0.00030125
294.5556	0.00030117
294.6667	0.00030128
294.7778	0.00030132
294.8889	0.00030125
295.0000	0.00030126
295.1111	0.00030117
295.2222	0.00030130
295.3333	0.00030125
295.4444	0.00030116
295.5556	0.00030136
295.6667	0.00030121
295.7778	0.00030134
295.8889	0.00030116
296.0000	0.00030133
296.1111	0.00030127
296.2222	0.00030127
296.3333	0.00030130
296.4444	0.00030121
296.5556	0.00030129
296.6667	0.00030136
296.7778	0.00030123
296.8889	0.00030128
297.0000	0.00030125
297.1111	0.00030129
297.2222	0.00030124
297.3333	0.00030126
297.4444	0.00030132
297.5556	0.00030130
297.6667	0.00030127
297.7778	0.00030103
297.8889	0.00030104
298.0000	0.00030119
298.1111	0.00030119
298.2222	0.00030133
298.3333	0.00030133
298.4444	0.00030136
298.5556	0.00030201
298.6667	0.00030155
298.7778	0.00030135
298.8889	0.00030112
299.0000	0.00030117
299.1111	0.00030109
299.2222	0.00030084
299.3333	0.00030110
299.4444	0.00030129
299.5556	0.00030129
299.6667	0.00030115
299.7778	0.00030145
299.8889	0.00030105
300.0000	0.00030115
300.1111	0.00030107
300.2222	0.00030130
300.3333	0.00030119
300.4444	0.00030133
300.5556	0.00030138
300.6667	0.00030128
300.7778	0.00030136
300.8889	0.00030127
301.0000	0.00030125
301.1111	0.00030126
301.2222	0.00030133
301.3333	0.00030127
301.4444	0.00030127
301.5556	0.00030135
301.6667	0.00030127
301.7778	0.00030117
301.8889	0.00030123
302.0000	0.00030116
302.1111	0.00030118
302.2222	0.00030119
302.3333	0.00030117
302.4444	0.00030123
302.5556	0.00030120
302.6667	0.00030124
302.7778	0.00030119
302.8889	0.00030129
303.0000	0.00030135
303.1111	0.00030123
303.2222	0.00030123
303.3333	0.00030121
303.4444	0.00030118
303.5556	0.00030130
303.6667	0.00030123
303.7778	0.00030125
303.8889	0.00030127
304.0000	0.00030125
304.1111	0.00030129
304.2222	0.00030122
304.3333	0.00030123
304.4444	0.00030119
304.5556	0.00030150
304.6667	0.00030112
304.7778	0.00030128
304.8889	0.00030123
305.0000	0.00030128
305.1111	0.00030125
305.2222	0.00030127
305.3333	0.00030130
305.4444	0.00030122
305.5556	0.00030123
305.6667	0.00030124
305.7778	0.00030127
305.8889	0.00030121
306.0000	0.00030129
306.1111	0.00030126
306.2222	0.00030120
306.3333	0.00030128
306.4444	0.00030125
306.5556	0.00030121
306.6667	0.00030122
306.7778	0.00030129
306.8889	0.00030126
307.0000	0.00030111
307.1111	0.00030125
307.2222	0.00030126
307.3333	0.00030121
307.4444	0.00030128
307.5556	0.00030129
307.6667	0.00030125
307.7778	0.00030131
307.8889	0.00030122
308.0000	0.00030127
308.1111	0.00031288
308.2222	0.00031987
308.3333	0.00032017
308.4444	0.00032019
308.5556	0.00032005
308.6667	0.00032001
308.7778	0.00032002
308.8889	0.00031985
309.0000	0.00031970
309.1111	0.00031967
309.2222	0.00031964
309.3333	0.00031961
309.4444	0.00031957
309.5556	0.00031940
309.6667	0.00031943
309.7778	0.00031956
309.8889	0.00031966
310.0000	0.00031957
310.1111	0.00031949
310.2222	0.00031955
310.3333	0.00031964
310.4444	0.00031954
310.5556	0.00033810
310.6667	0.00032253
310.7778	0.00032122
310.8889	0.00032166
311.0000	0.00032179
311.1111	0.00032165
311.2222	0.00032155
311.3333	0.00032141
311.4444	0.00032153
311.5556	0.00032150
311.6667	0.00032139
311.7778	0.00032151
311.8889	0.00032150
312.0000	0.00032145
312.1111	0.00032140
312.2222	0.00032145
312.3333	0.00032146
312.4444	0.00032136
312.5556	0.00032147
312.6667	0.00032144
312.7778	0.00032147
312.8889	0.00032148
313.0000	0.00032144
313.1111	0.00032143
313.2222	0.00032130
313.3333	0.00032140
313.4444	0.00032144
313.5556	0.00032408
313.6667	0.00033501
313.7778	0.00032480
313.8889	0.00036209
314.0000	0.00035285
314.1111	0.00032655
314.2222	0.00032213
314.3333	0.00032236
314.4444	0.00032244
314.5556	0.00032255
314.6667	0.00032245
314.7778	0.00032239
314.8889	0.00032239
315.0000	0.00032217
315.1111	0.00032236
315.2222	0.00032234
315.3333	0.00032241
315.4444	0.00032233
315.5556	0.00032236
315.6667	0.00032227
315.7778	0.00032234
315.8889	0.00032232
316.0000	0.00032235
316.1111	0.00032241
316.2222	0.00032235
316.3333	0.00032232
316.4444	0.00032230
316.5556	0.00032235
316.6667	0.00032235
316.7778	0.00032227
316.8889	0.00032233
317.0000	0.00032984
317.1111	0.00033378
317.2222	0.00032547
317.3333	0.00032340
317.4444	0.00032397
317.5556	0.00032461
317.6667	0.00032436
317.7778	0.00032435
317.8889	0.00032416
318.0000	0.00032409
318.1111	0.00032412
318.2222	0.00032412
318.3333	0.00032414
318.4444	0.00032415
318.5556	0.00032420
318.6667	0.00032429
318.7778	0.00032409
318.8889	0.00032415
319.0000	0.00032421
319.1111	0.00032412
319.2222	0.00032431
319.3333	0.00032435
319.4444	0.00032422
319.5556	0.00032417
319.6667	0.00032440
319.7778	0.00032420
319.8889	0.00032416
320.0000	0.00032421
320.1111	0.00032422
320.2222	0.00032394
320.3333	0.00032435
320.4444	0.00032404
320.5556	0.00032419
320.6667	0.00032415
320.7778	0.00032423
320.8889	0.00032416
321.0000	0.00032426
321.1111	0.00032412
321.2222	0.00032419
321.3333	0.00032420
321.4444	0.00032420
321.5556	0.00032420
321.6667	0.00032413
321.7778	0.00032413
321.8889	0.00032423
322.0000	0.00032420
322.1111	0.00032416
322.2222	0.00032421
322.3333	0.00032422
322.4444	0.00032414
322.5556	0.00032417
322.6667	0.00032424
322.7778	0.00032416
322.8889	0.00032426
323.0000	0.00032422
323.1111	0.00032407
323.2222	0.00032422
323.3333	0.00032414
323.4444	0.00032426
323.5556	0.00032424
323.6667	0.00032410
323.7778	0.00032426
323.8889	0.00032416
324.0000	0.00032415
324.1111	0.00032417
324.2222	0.00032423
324.3333	0.00032416
324.4444	0.00032420
324.5556	0.00032423
324.6667	0.00032425
324.7778	0.00032428
324.8889	0.00032430
325.0000	0.00032422
325.1111	0.00032423
325.2222	0.00032423
325.3333	0.00032421
325.4444	0.00032417
325.5556	0.00032428
325.6667	0.00032411
325.7778	0.00032424
325.8889	0.00032421
326.0000	0.00032416
326.1111	0.00032419
326.2222	0.00032410
326.3333	0.00032416
326.4444	0.00032417
326.5556	0.00032424
326.6667	0.00032422
326.7778	0.00032423
326.8889	0.00032419
327.0000	0.00032412
327.1111	0.00032420
327.2222	0.00032422
327.3333	0.00032417
327.4444	0.00032416
327.5556	0.00032412
327.6667	0.00032423
327.7778	0.00032417
327.8889	0.00032426
328.0000	0.00032413
328.1111	0.00032417
328.2222	0.00032429
328.3333	0.00032417
328.4444	0.00032418
328.5556	0.00032418
328.6667	0.00032426
328.7778	0.00032419
328.8889	0.00032417
329.0000	0.00032423
329.1111	0.00032405
329.2222	0.00032419
329.3333	0.00032432
329.4444	0.00032429
329.5556	0.00032417
329.6667	0.00032426
329.7778	0.00032420
329.8889	0.00032430
330.0000	0.00032416
330.1111	0.00032416
330.2222	0.00032411
330.3333	0.00032414
330.4444	0.00032418
330.5556	0.00032414
330.6667	0.00032424
330.7778	0.00032417
330.8889	0.00032424
331.0000	0.00032419
331.1111	0.00032419
331.2222	0.00032423
331.3333	0.00032409
331.4444	0.00032414
331.5556	0.00032405
331.6667	0.00032423
331.7778	0.00032413
331.8889	0.00032408
332.0000	0.00032413
332.1111	0.00032417
332.2222	0.00032410
332.3333	0.00032423
332.4444	0.00032419
332.5556	0.00032428
332.6667	0.00032413
332.7778	0.00032414
332.8889	0.00032424
333.0000	0.00032431
333.1111	0.00032422
333.2222	0.00032423
333.3333	0.00032420
333.4444	0.00032409
333.5556	0.00032409
333.6667	0.00032420
333.7778	0.00032409
333.8889	0.00032429
334.0000	0.00032414
334.1111	0.00032424
334.2222	0.00032401
334.3333	0.00032413
334.4444	0.00032418
334.5556	0.00032421
334.6667	0.00032420
334.7778	0.00032422
334.8889	0.00032419
335.0000	0.00032416
335.1111	0.00032419
335.2222	0.00032425
335.3333	0.00032416
335.4444	0.00032417
335.5556	0.00032417
335.6667	0.00032423
335.7778	0.00032412
335.8889	0.00032412
336.0000	0.00032426
336.1111	0.00032417
336.2222	0.00032422
336.3333	0.00032417
336.4444	0.00032419
336.5556	0.00032428
336.6667	0.00032422
336.7778	0.00032420
336.8889	0.00032417
337.0000	0.00032412
337.1111	0.00032410
337.2222	0.00032423
337.3333	0.00032422
337.4444	0.00032408
337.5556	0.00032424
337.6667	0.00032421
337.7778	0.00032427
337.8889	0.00032434
338.0000	0.00032423
338.1111	0.00032412
338.2222	0.00032412
338.3333	0.00032403
338.4444	0.00032424
338.5556	0.00032413
338.6667	0.00032429
338.7778	0.00032423
338.8889	0.00032422
339.0000	0.00032416
339.1111	0.00032410
339.2222	0.00032420
339.3333	0.00032429
339.4444	0.00032416
339.5556	0.00032431
339.6667	0.00032416
339.7778	0.00032427
339.8889	0.00032422
340.0000	0.00032410
340.1111	0.00032418
340.2222	0.00032417
340.3333	0.00032428
340.4444	0.00032412
340.5556	0.00032422
340.6667	0.00032419
340.7778	0.00032416
340.8889	0.00032425
341.0000	0.00032409
341.1111	0.00032420
341.2222	0.00032417
341.3333	0.00032415
341.4444	0.00032420
341.5556	0.00032417
341.6667	0.00032417
341.7778	0.00032417
341.8889	0.00032418
342.0000	0.00032412
342.1111	0.00032422
342.2222	0.00032417
342.3333	0.00032416
342.4444	0.00032416
342.5556	0.00032423
342.6667	0.00032422
342.7778	0.00032432
342.8889	0.00032413
343.0000	0.00032422
343.1111	0.00032420
343.2222	0.00032416
343.3333	0.00032422
343.4444	0.00032422
343.5556	0.00032422
343.6667	0.00032429
343.7778	0.00032419
343.8889	0.00032428
344.0000	0.00032428
344.1111	0.00032428
344.2222	0.00032422
344.3333	0.00032418
344.4444	0.00032418
344.5556	0.00032419
344.6667	0.00032426
344.7778	0.00032422
344.8889	0.00032424
345.0000	0.00032422
345.1111	0.00032422
345.2222	0.00032420
345.3333	0.00032429
345.4444	0.00032431
345.5556	0.00032423
345.6667	0.00032413
345.7778	0.00032420
345.8889	0.00032412
346.0000	0.00032422
346.1111	0.00032420
346.2222	0.00032427
346.3333	0.00032429
346.4444	0.00032424
346.5556	0.00032428
346.6667	0.00032410
346.7778	0.00032428
346.8889	0.00032422
347.0000	0.00032417
347.1111	0.00032422
347.2222	0.00032422
347.3333	0.00032417
347.4444	0.00032427
347.5556	0.00032434
347.6667	0.00032420
347.7778	0.00032416
347.8889	0.00032420
348.0000	0.00032417
348.1111	0.00032417
348.2222	0.00032416
348.3333	0.00032419
348.4444	0.00032422
348.5556	0.00032420
348.6667	0.00032413
348.7778	0.00032429
348.8889	0.00032423
349.0000	0.00032429
349.1111	0.00032413
349.2222	0.00032417
349.3333	0.00032423
349.4444	0.00032417
349.5556	0.00032420
349.6667	0.00032418
349.7778	0.00032421
349.8889	0.00032424
350.0000	0.00032428
350.1111	0.00032419
350.2222	0.00032420
350.3333	0.00032410
350.4444	0.00032415
350.5556	0.00032425
350.6667	0.00032417
350.7778	0.00032416
350.8889	0.00032415
351.0000	0.00032420
351.1111	0.00032418
351.2222	0.00032412
351.3333	0.00032429
351.4444	0.00032412
351.5556	0.00032424
351.6667	0.00032421
351.7778	0.00032416
351.8889	0.00032418
352.0000	0.00032426
352.1111	0.00032413
352.2222	0.00032426
352.3333	0.00032426
352.4444	0.00032410
352.5556	0.00032426
352.6667	0.00032416
352.7778	0.00032419
352.8889	0.00032423
353.0000	0.00032422
353.1111	0.00032423
353.2222	0.00032430
353.3333	0.00032426
353.4444	0.00032428
353.5556	0.00032429
353.6667	0.00032428
353.7778	0.00032412
353.8889	0.00032416
354.0000	0.00032416
354.1111	0.00032430
